ἕξ 1111111 ’ ort 6111111111
· ber ber ·

Ξ 61111111. 1118111111. 811111·

46 61111, 11111 30. 111814 81111111 11111111111111
1111111111
81111111, 1111111111 8. 41814 1111111111 Lic, theol. 1111
1 1111111811
48 111111, 1111 11,12.1814 6181111111111111111111111
491111111111111111 1. 1181311111111, 1111111111
burg
111111, 11111111 2111816111111111 11.(111111111111
1 1181111111
51 111111, 11111 Ι18. 111814 1111111111 11111111111811
52 3111, 11111 11.12.1814811111111111 61111111τεί11
53 3111118111 22. 11. 1812 1111111111 1111111ωεί111
1111
54 81111111, 8111111, 13. 11114 81111111 11111111 bet 8
1. 11. Ι 111111.

111111111111111;

l 1111111111, (111131. 31813 81111111 111111111111111
11111

2 11111111111111111 11121813 811111 11111111111111

3 1111111111, 11111 1. 1. 1814 (1111111111 Θεὲἶξξιῑῒιῗετ

 

