§J 1111111 3111 1111 81111 1111 1111111111

3 111 111
8 81111111. 1110111111. 011111.

—..s-— ....-..-- -—.- -.-.-.-
-—-...

18 ὓ1111, 01111 1, 1187011111111111 111111111151111111

19 1111111). 0111111 112, 11870 (8111111111 11. 11111111

20 1111111111, 11111 1 5. 2. 1871 1111111111 11. 11111111 11 11111
. 111111

21 811111110111111 1 2111887 81111111 0111111 111111111111

22 81111111, ῖς11111111128. 81868 0111111111 11111111111111111111
1 jen 11111111

23 811111, 11111 Ι 8. 11800 8111111111) 11111111 1111111111

24 6111111111. 11111125. 81870 0111111111 11. 1111111111

25 11111ῗ1,8111111110. 01800 011111 1111111111 11 11111

1 1 ι

11111111111111ε

1111111111, 3⁰³ 24, 118701111111111 1111181111111111111
111111 [11111111 1111111.

 

