1
9919991111 91199111.

guest—(Ort 91119 1119 9911111111

1 99111111 <911199111191929.11872991991111 9. 991991
2891111111, 91199· 28 51870 9911111111 9191911191

11 ῑ 9
3 811199 1911119119 3 979183 1991991 9911111111
49991111. 9119 19. 4.118729111111199 911 999191 111 9111911111

59111111119119 9. 71879· 18991111 91111 9 11111 191 11 211111

6 9191911, 11119119 22, 11 18739 9119191119 9991999911

7 1991191, &aa 7199873 1111111119 6919119911911191
8 (9991991999111 30 9· 987191111119911 9 1991119111 1 99.
9 11 9111191119
99919111 91911911 999 l 1872 9111119911 9 181111119111111911
19 91111 1191111 19111119 15. 6 1872 91119111) 1111111111 11111111

11 9911111191, 9191111, 24. 51872 1911919 119 1199199991

12 9199999119 9119911Ι ¹‚23 911872 9811191119 9911111111
13 9119, 9991911 25 3987299111991111- 911 1111911991911 111Ι
9 burh 9 81119119
14 9111111, 11119119 30111871811191119 91119 9919199191
1
15 9119 991 91119191 915 31872 &t 91911 9ς991991999991191111
9 1111 9

16 9111171111 199 ’.27 2.]871 9991111111 911, 1111111111111991 ¹

¹ 9191 ’ 111 8191911911
17 99111191, 9111 2. 81872 91119119 11, 9111111191 111

9999911119

 

