8

mit 44444444 444 44444444444444 6444444 4444444444 etnam
(44444444444444. 4444444444. .

4. 444 444 4444444444 2 &a 4444444 4444
44444444 1. 4444444444 444 4444 44444444. 44444444 4444444444

444444 4444444444 4444 444444 44444 444 4444444444 444444 3444
444 444444 4444 4444 444 444444 3444 (444. 84). 44444444.

’ c. 4444 444 8444444444 2 444 644444, 44444
444 4444444, 444 4444444444 (44444444, 4444444444 44444 444 44444,
4444444444 444 444444 444 4444444444 444 4444444444 4444444444
4444444. 44444444 444 44444444444 (44444444 4444 444444444444
44444 444 444 3444444444 444 4444444 4444 44444. 4144 4444444444
444444444ῐεί4 2. 4444444 444. 3 444 45-60, 4444444444 444

¹ 4444444444 444444. [4444444444.

2) 4444444 3 &ta 9444 444444444444444 444 444 4444444444
(4444444444 44444444444444 4444444444 arm 8ntetpunftion3qe =
4444444444 4444444444 4444444444444 4444444; 4444444444 44444
4444444444 44444444 (4444444444 44444444; 444444 444 4444444·
444444 444 4444444 4444444 2. 4444. 44444

3) 4444444444 10 444 4444444444444 444 4444444444 444
4444444 444 4444444444, 4144444444 444 444444; 444444 444 4444ς
444444 (4444444444 4 147-247; 4444444444 444 4444444444 414444
444444 444 4444444444 4444444444 4444 444 3. 444444 444 4444444
44444; 4444444444 4444444 444 4444444444 4444444; 4444444 444
44444444 444 44444444 Vade mecum; versus memoriales 444
4444444444Ρ4444414 444444

4) 4444444444 3 44; 444 4444444 4444; 4444444 444 4444444444
44444 44 444444444444444; 3444444444444 444 44444444 644444.
4444 444 4444444 441 4444 4444444444. 44444. , ξ

5) 4444444444 2 44ι 4444 44444444 &agen 444 4444444444 4
4144444444ς 44444444 444 4444444444 444 444 4444444444 444 44444
4444444 444 44444444 4444 (44444444. 44444

6444444444442444 44444444444144444444444 444444444444444,
444 444444 444 444 4444444444 4444444444 4444444444 444 W
4444444 44; 4444444 4444444. 44444 4

7) 4444444444 2 (44.4 94444444 444 4444444444 4444444444
444 44444444 444444; 444 414444 44 4444444444 644444. 4444444

 

