ξ mamea 3111 ort 1111111111111
Ξ Θώῦίῑΐῑετ. 1114815111. &tecam

Ἣ-.. -- -—-.--—- -. --.—...-..-

· 40 ῦῗ11ὲ111887111111, 24. l. 1875 8111111111 ἷ8.185111111111111 ²
41 6511111111, 88111281818741171171 ἑ81111517111181111111]
belm 8111115811ι

42 6511111111. 8171111 14121874 8111111111 [811111118111111

48 81511111,911[ 28. 111815 81111111 7711711111

44 871111, 1511111 2. 81876 8811717111 118111171111111811 ,
45 81111, 311111 15. 41874 8111811517 blm

48 8111111, 8111111, ll. 41874 7811111111 6511111151

47 ἵτῐαιιῇιση, (511111 5. 8187581111111111 1711111 111181111ῑί1

1117) 811111185111
48 5851111, 81111171, 2. l. 1875 8111111 st. 6115111111111111
11. 81111111
49 5817117111. &buath 11111814 8111111171 st. 5111111111
50 5811111111181111, 18. 71874 8111111111 8. 8118111711.

81111111111111
8111111111. 1111111 14, 81874 8111185111 1111111111.

 

 

