3111 1111 611111 111 1111111111
1116111111. ῦῑῗεεττη.

17 81111111, 611110161876ι611111111 1111111111

18 811111111151111 36121874 61111111 ῗ11111111111111
8. 81875 1111111111 11. 111111111811111111
20 6111, 1111111 15121876 11111111111151111111111 1111111
21 1111111111, 1111111, 25. 5. 18751811111111 8.ῐὲιι1ῐ1β1111111111111111
1. 11. ¹ 111 51111111
221111111131111 16. 8187512111111111 2111111511511111111
11 1
2311111, 6111111111, 7.12.1873 1111116111 6ἓίἒςίρ1ῗ1Ρ11111111111
f. 11. 1. 16. in 1111111111
24 1111, 1111111111 23. 1,]87611111111115 1111111111 in 611
1111
25 1111111, 1911111118 2611876811111111 11111111ξ111111111111
26 8711111111, 161111 3. 81875 6111111115) 611111116111111
27 11111111, 6111 257187611111111111 111111111111181111111
28 1111111111, 11111 6. 4, 1875 8114111111 661111111111111111
29 mentum, gnbmm 11111816 1111111111 31111111111
30 {110an 6911110ρῇ 29. 9, 1876 ‘Besslliss Βᾶθέἱῖῑὲαϊῇίὶη &qu
81 fflfininge„ 1⁶5&ss 20, 61876 611111111- 11.1ξο1111111111111111111ι
1111
82 11111111, 611114 4. 71876 81111111 113111)εέ
33 1511111111611111 17121876 51111111) 3111111111
34811111111111,11111 26. 51876 1111111111 &bret

35 11111, 11111 11. 1. 1111 31111111 ff'qssffe‘ss’nunssssmt 1
11 111

86 61111111, 111111, 1616187611111111111 Ἑ11111111111111111
’ t. 11. 1 11111111111111 iu
· 1 Ι 81111115

 

