A ,

8888888888885851888881 8888818 88888858 8188888188,

888 588 8855808888 88888851888-58 8585888 818888, 5888888,
[858888888818588888888888818. 5888818888; - 888 588 8888881888
8858885888 8888888188 88888888, 6888881888 888 288888588
888 588 01888888ῒί8 885 21188588. 2. {est (4 88.); - 888588
281888888888888888851888 in 8858158888 88188888, 88888588 588
808188888818888; - 888 588 888888888888 8888885588 in 88858
hut: 888888, 88888818188588; - 8888 888888888888 8888888 in
88888888 8. 8118888888, 58888888188888888588 in 5888188588 8888888
88188888 588 XVI. Sbrhq - 888 588 ζ8885888888888188588851888
tn 88888888 72 85858 888885. 885 188.Ε88888888088; - 888 588
818888888888888 88858888851888 in ffltiincben: (5888858888, sicit·
88588 588 2888888855 88588588 Ι588 8588818888 2188888888Ιί5.
1.-3. {eiu 8588180888 18888888818888888888888518888888881.

888 58888858888888858 888 88888 885 88885888
8888888 588 (8888888888 888880 818 885888 888 588 8158888888
588 388888 1886887 23 Aa 50 A, 88 388888 888888 ein 358 Ab
66 33 588 8888888588 888818818888588 5888885 8828 86 57 8.
8118658885188 888 588 3888 1886887 888588 850 M, 888
8858188 88888188, 885 88888 88818588 ie 50 M 88888 8888818588 i
888 88888858, 8888858888 3888 888 8088888588 (IV. 8188888 88
45 ι8888818888 888 &t 01888888, 80818818 8088 ert 888
888588888τῆ8 (ΙΙΙ. 1858888); je 40 aa 58888888 88888 888 288818
(ΙΙΙ. 1118888), 08888 8815 888 8888188888, 88818818888888
888 8888858818, aad 8588588 888 8888885888 (ΙΙ. 85888 8.

5888888081588858118888888518888 5888888 1522 A
90 33 588 8818885888 888 588 3888 1886887 im 888588 888
50 888 88185 588 88811188 588 IV. 818888 588 0888888888 18881
8888 888 8158888888.

5588 8888888858 88885888 588 ’8. 888888888888888
81188888 888 8888081881888 5818888 8880 Δίς 588 &tinem
51888 888 588 88888 1880887 im 881888 888 150 Ab. 8888811588
8888188 588 IV. 818888 588 5188888888 88818818888858888 888
8888888888.

, 8188 588 Dr. 8. 8815881888 3858188888888888 888
588 808 588 3888 1887888 135 M vertei1t3 88 88588588 88 4588

 

