35

1111111111 111111 11111 111 1111111111.

3111 1111· 8111111118111111
111

1111111111. 811111.

l ῗς11111,1)111,1.11, 18, 81872 11111111 11. 1111111111 11
1 ’11111

2, 111111, 11111 3. 71873 1111111 ,1.11111111111111111111
ἶ. 811111111111111 6. 81871 31111111 11θ1111111111111111
ἱ 4 111111111111111 27, 71871 31111111 11111. 111 11111111
1. 11 111111, 1111111 15, 11871 81111111111111111111ατόῒ

6 811111, 1111111 10. 11878 1111111111 1111111111

7 1911111111, (1111 28, 11871 6111 1111111111

ι
811111ῗη11111111 1118131111111111 8.Ε111111111111111
1111 81111111
9 1111111111, 11111111 18. 11872 1111111111 11. 111111111111111111
1181111111)
1011111111111 8. 11873 1111111 11.11111111111111111111
1111111111 1111

111111111111111111 28, 11873 1111111 1811111111111
'12 11111111, 1111111111 20. 31871 11111111 8111111111Γ

13 111111111311111 22, 1181381111 8111111111111111

14 11111111, 111111 12, 4, 1872 81111111111111111111111111118.

11 1111111111

15111111111111111 11. 7187211111111111 1111111111

16 11111111111111111111 11111873 11111111 11111. 11111

1711111111111111 1831873111111111 1111111111

¹⁸ 1511111111 11111 21. ll. 1810 1111111111 1111111111 11111111

 

