32

ἐξ &tumen 3111 811 ,61111111111121111111111

ber ber

ἓ) &dullen 1118111111. (8111111.

17 6811111111, 21191111, 8. 4. 1813211211) 11211111111111111111111

f. 11. i 111111111111
18811111, 8111111111, 31111314 8111111111 st. 8111111111112.

Sir. 1

19 6111111, 2811111111 18, 9, 1875 3111111111 11. 8181111111111

fi
20 281111, ᾧ111111111 3812. 1873128111111111 8.ῇ(ἓ111ῗ1[1ἓ11911ἷ1111ῇ11
1 1 1 in 18111111111)

21 2111111, 191111τὶ11128. 818152111111111ὼε 8111111111.
Sir. 1111

211111111111111111ε

1 ’81111111 31111111 31. 1. 1813 8111111111111811111111

2 1111111111, 8111111111 15, 11815 2181111111 111. 8118111111 11181111
3 8111111111, 8111111111 22. 81813281111111 8ἰῗτῐ1ῑξῗιιιῗετ]Γ
4 1111181111111 18121871 81ξὶ1131181 8111111.

-m

3111112111111111.

22 8111111111, 8111 28, 1181411111 118111111111111111111
, in Eitbtenfetss
2318111111, §gene 11. 81813181111111111 st. 81111111818111
24 Qum, 8111111 2811181211111111111111 ῧ111111111111 8111111
25 11111111ῑεὶ11, 2111111111 8. 81874 2111111111 8111111161. (81111111
26 1511118111, 1. 11. 12, 6,1813,(ξὶᾶ11ἂ11 11. 211ρί111111, 11111
1 8118111111 in
y 1 8111111111
21 1111111181, &hev 8121873 81011111 11. 8111111111111111
’ barb 8111111111

 

