“22

-.——- - - -—---——-

ἒ. 218881 3111 ott ῗ818881881
..- bet ber

8 881118. Ξ 88818811. 61181.
1611188888, 8118 27. 8, 187 7 ἱ 81818118 1188888

8118. ir.
17 88188311τί18 11. 1. 18761811888881 ,8886188 in 888811
18 88188111 1, 21877 881118 18. 881111ῑεὶ118 11
’ 88818188
19 818118, 811181 20. 5.1877 81818118 11818888
20 2168118888. §pen 16, 81878 8881818 8.(888188188888
mann
21816818881181 5. 9. 1877 888818 11. 8888881888
22 21818188, &mit 17. 1.1878 88 mmm 11. 8888888811
qen 81871611
23 8188,368188 29. 1,1877 81188888 8. 8881888188
8181818
24 888, 38881. 8. 30. 7· 1877 81881188 88188881818811
8181818.

8118811111818181ε

1888118. 18188 16. 81878888 81188881168811811

8881818

8 11. 81868881 u. 811

88188811

38871, 11881 16.4,187788)1818 8818118188

481811, 31888 28, 21877 881818 8888688818

5 8811188, 81118118 18121876 8181818 fl. 8811888818
1118111188

6188888818. 2118812. 6. 1876 8118188 11. 21118 11111888

2 818888 818 22.11.1877 88881

8881188111111118.

25 86118188, 1811 8121876881818 8818111811
26181118, 1818181811. 61876 §neuburg 11. 8881888 it
f. 18. α. D. 888818

 

