*Q—

- 777777 81717 777 7777718777.

Ξ 7777777 43777 ‘Ort 877877718787777
s 777 777

ξ 8787777. 7777877777. (711777.

(ssrsteffibteilung⁸

l 8777, 8777 4, 71874 8877777777 87777777777777 77
87877778
2 8777777, 877717 28. 81874 37777177 8. 78177777 in 71777
877177 7771771717
3 8777778777,8777777 23111873 8771777778 878777
4 87788777, 8877177777 9, 81874 8787777877 8111177777 in ‘131132
7777777781

5 87871, 8777778 6,]0, 1874 8777777778 888777781777787177177
777771

8 8777777777, ς87777 12 71873 1871777771 81777777 7777 88777
7 8771778, 8777 6, 81873 87777 8. 877717717777 77
8 87777778

8 (7171177, 877777 16. 71874 et. (7777777 8877777771777
88711777, 8877777778 17 2. 1878 8377778 87777 8171777777 777 67.

10 8711777, 87778771 10 1. 187 4 3777788 7777 8888878888 in ct.
1 1 1 7 3787777777

11 8711777777, goe, 28. 41874 87877778 8771777777

1288788881, 7777777777 8. 91874 7777777177 (7171777777 Ι

7

13787877, 87777778 2411 1871 7788888778 8777877777777 77

Ι8 87777778

14881777, 87778 777, 26. 81675 87877778 8777177777

157. ξ88877 7771777, (77 16. 61613 8877771777 8787717877

177 77778

7687777877, 7778717 8118738877777 8. (771777 7877777 ute
77777 in 87877778

 

