,11111 811 81811 111· 18811811

111
8111111.

18 11181111,81111111 16. 8.]878118111811.811. 8111118888

18111111118111111111 21. 111873 18811 nummu 8811

28 8111111, 88181 2, 11872 88111111 811118111811811 †

21 81111111, 11111111 8. 1. 1874 Ι81111118 8,8181111118111118

22 11111111, 81118181 1. 81871 &mm 8111111811111111811

28 8811, 81811 2118187021111111111 18811111111111 11

21 81111111, 811111 2211878 2111118111 1311111111ᾒί1 8111118

21 1111111811, 311811 28 418711811111181 8111118888

28 8, 81811, 8818 171187888111111 11 811181111111811
, 8 8 111 8111118
1 1 1811181188

27 81811, 81111811 11711878 81, 8181111·1811111111111

28 81811111, 11111 22 8¹8²¹ 1118111811 111. 1111111188111811

29ἷ81111111, 81111 20, 2 18711881111111Ι ἓ11, 8811188118

88 8111111, 81111111 28, 4,ἱ1878 11111111 ’8, αἱὶ1ι1ῇ111ῐ1118111 11

11 11111, 311111 11 1181118111111118111111ιδ

11 81818118 11, 11 1111118811) 1111181111

88 &itt-ht} 81111811 10, 81878 8811111111 (1111111818

81 311111111111111128 81888 81118111 8118111181111 iu
· 11811 et 8181111

85 3111111,818118.41872811111111 8181111 111 81111111

1 1 Ι *W*

 

