Q
ffl—

{³ss 11111111 ’3111 1111 11111111181111111
· ber 111

Ξ) 81111111. 1111111111. 8111111.

18 6111111111, 131111 25. 11873 8111111111 1111111111111111111ς
11111, 811. [11111111
20 811111, 1111111111 7. 8.1872 1111111111 11. 1111111111111 in
. 1111111111
21 61111111, 1111111 30. 31873 1111111111 Lic. theol. unb 11.
111111111111111111
22 6111111, 11111 15. 81873111111111) 11111111111111
23 6111111111, 1111111 1121872 (1111111111 (1111111111 1111111
2411111111111111 21. 1187211111 11. 11111111
25 11111111, 1111111111 19,10.1872 1111111111ῐῇ 111111111118111111 11
1111111111
26 1811111, 11111111, 10, 11872 3111111111 11111111111181111111
27 11111111111111, 13. «11873 1111111111 11111111111111111
1111111111. 11. 1. Q 1111111111

.> 281111111,11111111111 20, 111871 8111111111 111111111ῑί11 11111 st.

1111 1111111111111
29 1811111 111111 28, 41873 1111111111 1111111111.

 

